a = 10;
b = 12;
a + b
